41
1 2 3 4 5 6 7 8 9 10 11 12 13 14 15 16 17 18 19 20 21 22 23 24 25 26 27 28 29 30 31 32 33 34 35 36 37 38 39 40 41 
5
a v g t f 
1
38
1 2 4 5 6 7 8 9 10 11 12 13 14 15 16 17 18 19 20 21 22 23 24 25 26 27 28 29 30 31 32 33 34 35 37 38 39 40 
176
1 a 2
1 v 3
1 g 4
1 t 5
1 f 6
2 a 7
2 v 3
2 g 8
2 t 1
2 f 9
3 v 10
3 g 3
4 a 11
4 v 12
4 g 13
4 t 14
4 f 15
5 a 2
5 v 3
5 g 16
5 t 5
5 f 6
6 a 17
6 v 12
6 g 18
6 t 5
6 f 15
7 a 19
7 t 1
8 a 19
8 g 20
8 t 21
9 a 22
9 v 3
9 g 16
9 t 5
9 f 6
10 a 23
10 t 1
11 a 17
11 v 12
11 g 18
11 t 5
11 f 15
12 a 2
12 v 24
12 g 16
12 t 5
12 f 6
13 a 17
13 v 25
13 g 13
13 t 26
13 f 15
14 a 11
14 v 12
14 g 27
14 t 28
14 f 6
15 a 17
15 v 12
15 g 18
15 t 29
15 f 15
16 a 11
16 v 25
16 g 13
16 t 14
16 f 15
17 a 17
17 v 12
17 g 18
17 t 5
17 f 15
18 a 11
18 v 25
18 g 13
18 t 14
18 f 15
19 a 30
19 v 5
19 g 31
19 f 32
20 a 2
20 v 3
20 g 16
20 t 5
20 f 6
21 a 30
21 v 5
21 f 19
22 a 11
22 v 12
22 g 33
22 t 1
22 f 15
23 a 19
24 a 23
24 v 10
24 g 3
24 t 1
25 a 34
25 v 24
25 g 16
25 t 5
25 f 6
26 a 17
26 v 12
26 g 16
26 t 5
26 f 6
27 a 30
27 v 5
27 g 35
27 t 21
27 f 32
28 a 10
28 v 3
28 g 27
28 t 28
28 f 6
29 a 2
29 v 3
29 g 16
29 t 5
29 f 6
30 a 17
30 v 12
30 g 18
30 t 5
30 f 15
31 a 19
31 v 10
31 g 3
31 f 36
32 a 30
32 v 5
32 g 31
32 t 37
32 f 32
33 a 19
33 v 10
33 g 38
33 t 21
33 f 36
34 a 39
34 v 3
34 g 8
34 t 1
34 f 9
35 a 22
35 v 24
35 g 16
35 t 5
35 f 40
36 t 41
37 a 2
37 v 3
37 g 4
37 t 5
37 f 6
38 a 2
38 v 24
38 g 16
38 t 5
38 f 6
39 a 30
39 v 5
39 g 31
39 t 1
39 f 32
40 a 17
40 v 12
40 g 18
40 t 29
40 f 15
